0,496
0,495
0,494
0,472
0,386
0,243
3,2
3,1
3,3
10,165
10,171
10,113
10,101
10,275
10,225
10,71
10,73
11,23
8,9
8,7
8,13
8,14
8,12
8,2
8,3
2,2
2,1
2,3
35,3
35,2
35,1
35,0
34,3
34,2
34,1
34,0
31,4
31,3
31,2
29,3
29,1
28,3
28,1
27,4
27,3
27,1
24,3
24,1
20,3
20,2
20,1
19,3
19,2
19,1
18,3
18,1
12,3
12,2
12,1
11,29
11,28
11,27
11,25
11,21
11,20
11,19
11,17
11,16
11,15
11,14
11,13
11,12
11,11
11,10
11,9
11,7
11,5
11,3
11,2
11,1
10,299
10,291
10,271
10,269
10,251
10,221
10,202
10,189
10,175
10,173
10,160
10,155
10,131
10,130
10,124
10,122
10,108
10,102
10,97
10,93
10,25
10,20
10,11
10,3
